0
0.00299883
0.00399995
0.00499988
0.00600195
0.00700188
0.008003
0.00900292
0.0100029
0.011004
0.0120029
0.015003
0.0160029
0.017004
0.0180039
0.0190039
0.020005
0.0210049
0.0220048
0.023006
0.0240059
0.025007
0.0260069
0.0270069
0.028008
0.0290079
0.0300078
0.031014
0.0320098
0.0330088
0.0340099
0.0350099
0.03601
0.03701
0.0380108
0.039011
0.0400119
0.0410168
0.042012
0.0430129
0.044013
0.0450139
0.0460138
0.047014
0.0480139
0.049015
0.050015
0.0510159
0.052016
0.0530159
0.0540168
0.055017
0.0560169
0.057018
0.058018
0.0590189
0.060019
0.0610189
0.0620189
0.06302
0.0640259
0.065021
0.066021
0.0670209
0.068022
0.0690219
0.070024
0.071023
0.0720229
0.073024
0.074024
0.0750248
0.076025
0.0770249
0.0780249
0.079026
0.08003
0.0810289
0.0820279
0.0830278
0.084029
0.0850289
0.08603
0.0870299
0.0880299
0.089031
0.0900309
0.091033
0.092032
0.0930319
0.094032
0.0950329
0.0960329
0.097033
0.0980339
0.099035
0.100035
0.101035
0.102035
0.103035
0.104036
0.105036
0.106037
0.107037
0.108037
0.109037
0.110038
0.111038
0.112039
0.113039
0.114038
0.11504
0.11604
0.117041
0.118041
0.119043
0.120042
0.121042
0.122042
0.123042
0.124043
0.125042
0.126045
0.127044
0.128044
0.129045
0.130045
0.131054
0.132046
0.133046
0.134048
0.135047
0.136048
0.137048
0.138048
0.139048
0.140049
0.141048
0.14205
0.14305
0.14405
0.14505
0.14605
0.147051
0.148051
0.149052
0.150052
0.151052
0.152053
0.153053
0.154054
0.155054
0.156055
0.157055
0.158055
0.159055
0.160056
0.161056
0.162056
0.163057
0.164057
0.165057
0.166058
0.167058
0.168058
0.169059
0.170059
0.17106
0.17206
0.173061
0.174061
0.175061
0.176062
0.177062
0.178062
0.179062
0.180065
0.181063
0.182064
0.183065
0.184064
0.185065
0.186065
0.187066
0.188066
0.189065
0.190067
0.191067
0.192067
0.193068
0.194068
0.195071
0.196069
0.197069
0.19807
0.19907
0.20007
0.201071
0.202071
0.203071
0.204071
0.205072
0.206072
0.207074
0.208073
0.209073
0.210074
0.211074
0.212074
0.213074
0.214082
0.215075
0.216076
0.217076
0.218077
0.219077
0.220078
0.221078
0.222078
0.223078
0.224079
0.225079
0.22608
0.22708
0.22808
0.22908
0.230081
0.231088
0.232081
0.233082
0.234081
0.235082
0.236083
0.237083
0.238084
0.239084
0.240084
0.241084
0.242086
0.243085
0.244086
0.245086
0.246087
0.247087
0.248087
0.249088
0.250088
0.251088
0.25209
0.253097
0.254089
0.25509
0.25609
0.25709
0.25809
0.259091
0.260091
0.261092
0.262092
0.263092
0.264093
0.265093
0.266094
0.267094
0.268094
0.269095
0.270095
0.271096
0.272096
0.273096
0.274097
0.275105
0.276097
0.277097
0.278098
0.279099
0.2801
0.281108
0.282099
0.283099
0.284099
0.2851
0.286101
0.287101
0.288101
0.289101
0.290102
0.291102
0.292103
0.293103
0.294103
0.295104
0.296104
0.297105
0.298105
0.299105
0.300107
0.301106
0.302107
0.303107
0.304107
0.305108
0.306108
0.307108
0.308108
0.309117
0.31011
0.31111
0.31211
0.313109
0.314118
0.315112
0.316112
0.317112
0.318112
0.319113
0.320113
0.321113
0.322114
0.323115
0.324114
0.325115
0.326115
0.327115
0.328116
0.329116
0.330117
0.331117
0.332117
0.333117
0.334119
0.335119
0.336119
0.337119
0.338119
0.33912
0.34012
0.34112
0.342121
0.343121
0.344121
0.345123
0.346122
0.347122
0.348123
0.349123
0.350123
0.351124
0.352124
0.353125
0.354125
0.355126
0.356126
0.357126
0.358126
0.359127
0.360127
0.361128
0.362128
0.363128
0.364136
0.365129
0.366129
0.36713
0.36813
0.36913
0.37013
0.371131
0.372132
0.373132
0.374132
0.375133
0.376133
0.377133
0.378134
0.379134
0.380134
0.381135
0.382135
0.383135
0.384137
0.385137
0.386137
0.387137
0.388137
0.389138
0.390138
0.391138
0.392139
0.393139
0.394139
0.39514
0.39614
0.397142
0.39814
0.399142
0.400142
0.401142
0.402142
0.403142
0.404143
0.405143
0.406143
0.407144
0.408145
0.409144
0.410145
0.411145
0.412146
0.413146
0.414154
0.415146
0.416147
0.417147
0.418147
0.419147
0.420149
0.421163
0.42215
0.42315
0.424151
0.425151
0.426152
0.427151
0.428152
0.429152
0.430152
0.431152
0.432153
0.433153
0.434155
0.435154
0.436154
0.437156
0.438156
0.439156
0.440156
0.441156
0.442156
0.443157
0.444157
0.445158
0.446158
0.447158
0.448159
0.449159
0.450159
0.45116
0.45216
0.453161
0.454162
0.455161
0.456162
0.457162
0.458162
0.459163
0.460163
0.461163
0.462164
0.463164
0.464171
0.465165
0.466165
0.467165
0.468165
0.469166
0.470167
0.471167
0.472167
0.473167
0.474168
0.475169
0.476169
0.477169
0.478169
0.479169
0.48017
0.48117
0.482171
0.483171
0.484171
0.485172
0.486172
0.487172
0.488173
0.489173
0.490174
0.491174
0.492198
0.493175
0.494175
0.495175
0.496181
0.497177
0.498176
0.499177
0.500177
0.501178
0.502178
0.503178
0.504179
0.505179
0.506179
0.50718
0.50818
0.50918
0.510181
0.511181
0.512182
0.513182
0.514183
0.515183
0.516183
0.517183
0.518184
0.519184
0.520185
0.521185
0.522185
0.523185
0.524191
0.525186
0.526186
0.527187
0.528187
0.529187
0.530188
0.531188
0.532188
0.533189
0.534196
0.535191
0.53619
0.53719
0.538192
0.539192
0.540192
0.541192
0.542192
0.543194
0.544193
0.545193
0.546198
0.547201
0.548195
0.549194
0.550195
0.551195
0.552195
0.553196
0.554196
0.555196
0.556197
0.557197
0.558197
0.559198
0.560198
0.561199
0.562199
0.563198
0.5642
0.5652
0.566201
0.567201
0.568201
0.569202
0.570202
0.571203
0.572203
0.573203
0.574206
0.575204
0.576204
0.577204
0.578205
0.579205
0.580206
0.581206
0.582207
0.583206
0.584207
0.585207
0.586208
0.587208
0.588208
0.589209
0.590209
0.591209
0.59221
0.593211
0.594211
0.595211
0.596211
0.597221
0.598213
0.599213
0.600213
0.601213
0.602213
0.603213
0.604214
0.605215
0.606215
0.607215
0.608215
0.609216
0.610216
0.611216
0.612217
0.613217
0.614218
0.615218
0.616218
0.617219
0.618219
0.61922
0.62022
0.62122
0.62222
0.623221
0.624224
0.625222
0.626222
0.627222
0.628223
0.629223
0.630224
0.631224
0.632224
0.633225
0.634224
0.635225
0.636226
0.637226
0.638226
0.639226
0.640227
0.641227
0.642228
0.643228
0.644228
0.645229
0.646229
0.647237
0.64823
0.649231
0.650231
0.651231
0.652231
0.65323
0.654232
0.655232
0.656233
0.657233
0.658233
0.659234
0.660234
0.661235
0.662235
0.663235
0.664235
0.665236
0.666236
0.667237
0.668237
0.669237
0.670238
0.671238
0.672238
0.673239
0.674243
0.675239
0.67624
0.67724
0.67824
0.679241
0.680241
0.681242
0.682242
0.683242
0.684243
0.685243
0.686243
0.687244
0.688244
0.689244
0.690244
0.691245
0.692251
0.693246
0.694246
0.695247
0.696247
0.697254
0.698248
0.699248
0.700249
0.701249
0.702249
0.703249
0.70425
0.70525
0.70625
0.707251
0.708251
0.709251
0.710252
0.711253
0.712253
0.713253
0.714253
0.715254
0.716254
0.717254
0.718255
0.719255
0.720256
0.721256
0.722256
0.723256
0.724257
0.725257
0.726258
0.727258
0.728258
0.729258
0.730259
0.731259
0.73226
0.73326
0.734261
0.735261
0.736261
0.737261
0.738262
0.739262
0.740263
0.741263
0.742269
0.743264
0.744264
0.745264
0.746265
0.747272
0.748267
0.749266
0.750267
0.751267
0.752267
0.753268
0.754268
0.755268
0.756269
0.757269
0.758269
0.759269
0.760272
0.761272
0.76227
0.763271
0.76429
0.765272
0.766272
0.767273
0.768273
0.769273
0.770273
0.771274
0.772274
0.773274
0.774283
0.775274
0.776276
0.777276
0.778276
0.779277
0.780283
0.781278
0.782278
0.783278
0.784278
0.785279
0.786279
0.78728
0.788281
0.78928
0.790281
0.791281
0.792281
0.793282
0.794282
0.795282
0.796283
0.797283
0.798283
0.799284
0.800284
0.801285
0.802324
0.803284
0.804286
0.805286
0.806286
0.807286
0.808287
0.809288
0.810288
0.811288
0.812288
0.813288
0.814289
0.81529
0.81629
0.81729
0.818291
0.819291
0.820292
0.821293
0.822292
0.823292
0.824292
0.825298
0.826294
0.827294
0.828294
0.829295
0.830298
0.831295
0.832295
0.833296
0.834297
0.835297
0.836297
0.837298
0.838298
0.839298
0.8403
0.8413
0.8423
0.8433
0.8443
0.845301
0.8463
0.847301
0.848302
0.849302
0.850302
0.851302
0.852305
0.853304
0.854304
0.855304
0.856304
0.857306
0.858306
0.859306
0.860306
0.861306
0.862306
0.863306
0.864307
0.865307
0.866308
0.867309
0.868309
0.869309
0.870309
0.871309
0.87231
0.87331
0.87431
0.87531
0.876312
0.877312
0.878312
0.879313
0.880319
0.881314
0.882314
0.883313
0.884313
0.885315
0.886315
0.887316
0.888316
0.889318
0.890318
0.891317
0.892317
0.893317
0.894318
0.89532
0.896318
0.897319
0.89832
0.89932
0.90032
0.901321
0.902323
0.903321
0.904321
0.905322
0.906322
0.907322
0.908323
0.909326
0.910324
0.911324
0.912324
0.913326
0.914325
0.915325
0.916326
0.917326
0.918326
0.919327
0.920327
0.921327
0.922328
0.923328
0.924328
0.925329
0.926329
0.92733
0.92833
0.92933
0.930337
0.931332
0.932331
0.933334
0.934331
0.935332
0.936333
0.937332
0.938334
0.939334
0.940334
0.941336
0.942335
0.943335
0.944336
0.945336
0.946336
0.947336
0.948337
0.949337
0.950338
0.951338
0.952339
0.95334
0.95434
0.95534
0.956341
0.95734
0.95834
0.959341
0.960342
0.961342
0.962343
0.963342
0.964343
0.965343
0.966343
0.967344
0.968344
0.969344
0.970345
0.971344
0.972345
0.973346
0.974346
0.975347
0.976347
0.977347
0.978348
0.979354
0.980348
0.98135
0.98235
0.98335
0.98435
0.98535
0.986351
0.987351
0.988351
0.989352
0.990352
0.991352
0.992353
0.993353
0.994354
0.995354
0.996356
0.997356
0.998354
0.999355
1.00036
1.00136
1.00236
1.00336
